330  143  338
769  547   83
930  625  317
669  866  147
 15  881  210
662   15   70
273  277  707
 50  592  770
280  313  407
642  487  372
 94  619  295
734  243  141
220  141  515
198  824  745
210  787  964
213  627  601
918    4  447
805  630  802
711  237  987
938  552  388
643  405  779
803  747  525
917  832  631
899  292  843
 81  206  445
141  874  465
177  974   54
520  725  814
271  958  554
779  579  264
358   18  257
978   77  270
984   88  131
475  702  940
183  756  160
383  941  820
806  142  646
793  275  804
 53  272  368
942  821  785
863  830  902
219   52  199
473  479  351
860  522  361
890  240  216
 94  756  407
310  189  468
234  909  178
889  667  756
429  485  730
825  405   30
943  806  253
 98  455  365
998  454  290
971  576  223
 64  429  273
945  779   63
352  960   59
672  948  577
782   43  567
460  315  719
825  604  183
453  442  788
694  632  334
569  619  317
337   49   17
878  468  660
393  598  717
550  827  159
540  362  346
 66  713  380
491  477   44
411  114  320
554   96  250
306   67  196
769  553  333
762  436  382
278  322  153
894  603  334
539  441  844
486  162  927
197    9  218
 94  221  804
250  220  913
557  626  486
562  705  630
968  922  285
518   36  468
 18  608   83
512  611  530
534   37   65
621  136   90
239  113  139
371  640  956
629   54  959
531  620  338
682  499  810
798  170  968
187  640  645
